0.84 394 234 0.82 232 119 0.32 372 261 0.06 222 116
0.84 394 234 0.82 232 119 0.32 372 261 0.06 222 116
0.84 394 234 0.82 232 119 0.32 372 261 0.06 222 116
0.84 394 234 0.82 232 119 0.32 372 261 0.06 222 116
0.73 393 233 0.85 235 150 0.54 393 240 0.25 230 148
0.73 393 233 0.85 235 150 0.54 393 240 0.25 230 148
0.73 393 233 0.85 235 150 0.54 393 240 0.25 230 148
0.73 393 233 0.85 235 150 0.54 393 240 0.25 230 148
0.92 390 231 0.88 238 173 0.33 397 242 0.23 184 180
0.92 390 231 0.88 238 173 0.33 397 242 0.23 184 180
0.92 390 231 0.88 238 173 0.33 397 242 0.23 184 180
0.92 390 231 0.88 238 173 0.33 397 242 0.23 184 180
0.81 393 230 0.87 244 200 0.45 396 238 0.26 218 198
0.81 393 230 0.87 244 200 0.45 396 238 0.26 218 198
0.81 393 230 0.87 244 200 0.45 396 238 0.26 218 198
0.81 393 230 0.87 244 200 0.45 396 238 0.26 218 198
0.85 394 230 0.79 255 221 0.36 391 237 0.44 257 225
0.85 394 230 0.79 255 221 0.36 391 237 0.44 257 225
0.85 394 230 0.79 255 221 0.36 391 237 0.44 257 225
0.85 394 230 0.79 255 221 0.36 391 237 0.44 257 225
0.84 394 231 0.87 265 233 0.24 397 240 0.26 302 240
0.84 394 231 0.87 265 233 0.24 397 240 0.26 302 240
0.84 394 231 0.87 265 233 0.24 397 240 0.26 302 240
0.84 394 231 0.87 265 233 0.24 397 240 0.26 302 240
0.91 394 233 0.92 269 235 0.22 355 250 0.42 274 235
0.91 394 233 0.92 269 235 0.22 355 250 0.42 274 235
0.91 394 233 0.92 269 235 0.22 355 250 0.42 274 235
0.91 394 233 0.92 269 235 0.22 355 250 0.42 274 235
0.82 396 233 0.84 267 236 0.52 386 246 0.55 272 238
0.82 396 233 0.84 267 236 0.52 386 246 0.55 272 238
0.82 396 233 0.84 267 236 0.52 386 246 0.55 272 238
0.82 396 233 0.84 267 236 0.52 386 246 0.55 272 238
0.90 395 227 0.61 269 235 0.30 400 235 0.87 269 237
0.90 395 227 0.61 269 235 0.30 400 235 0.87 269 237
0.90 395 227 0.61 269 235 0.30 400 235 0.87 269 237
0.90 395 227 0.61 269 235 0.30 400 235 0.87 269 237
0.84 395 219 0.70 270 233 0.38 475 268 0.70 273 236
0.84 395 219 0.70 270 233 0.38 475 268 0.70 273 236
0.84 395 219 0.70 270 233 0.38 475 268 0.70 273 236
0.84 395 219 0.70 270 233 0.38 475 268 0.70 273 236
0.87 400 200 0.87 267 234 0.04 412 203 0.44 270 239
0.87 400 200 0.87 267 234 0.04 412 203 0.44 270 239
0.87 400 200 0.87 267 234 0.04 412 203 0.44 270 239
0.87 400 200 0.87 267 234 0.04 412 203 0.44 270 239
0.83 400 181 0.87 269 233 0.30 477 266 0.58 272 239
0.83 400 181 0.87 269 233 0.30 477 266 0.58 272 239
0.83 400 181 0.87 269 233 0.30 477 266 0.58 272 239
0.83 400 181 0.87 269 233 0.30 477 266 0.58 272 239
0.88 397 148 0.80 267 233 0.66 480 265 0.53 271 239
0.88 397 148 0.80 267 233 0.66 480 265 0.53 271 239
0.88 397 148 0.80 267 233 0.66 480 265 0.53 271 239
0.88 397 148 0.80 267 233 0.66 480 265 0.53 271 239
0.88 382 107 0.91 267 236 0.26 402 127 0.70 481 262
0.88 382 107 0.91 267 236 0.26 402 127 0.70 481 262
0.88 382 107 0.91 267 236 0.26 402 127 0.70 481 262
0.88 382 107 0.91 267 236 0.26 402 127 0.70 481 262
0.46 379 78 0.92 268 235 0.48 376 84 0.65 483 258
0.46 379 78 0.92 268 235 0.48 376 84 0.65 483 258
0.46 379 78 0.92 268 235 0.48 376 84 0.65 483 258
0.46 379 78 0.92 268 235 0.48 376 84 0.65 483 258
0.60 373 55 0.92 267 234 0.37 363 58 0.64 486 257
0.60 373 55 0.92 267 234 0.37 363 58 0.64 486 257
0.60 373 55 0.92 267 234 0.37 363 58 0.64 486 257
0.60 373 55 0.92 267 234 0.37 363 58 0.64 486 257
0.88 367 41 0.94 265 235 0.24 469 249 0.51 476 252
0.88 367 41 0.94 265 235 0.24 469 249 0.51 476 252
0.88 367 41 0.94 265 235 0.24 469 249 0.51 476 252
0.88 367 41 0.94 265 235 0.24 469 249 0.51 476 252
0.86 371 34 0.95 267 234 0.23 439 217 0.57 442 224
0.86 371 34 0.95 267 234 0.23 439 217 0.57 442 224
0.86 371 34 0.95 267 234 0.23 439 217 0.57 442 224
0.86 371 34 0.95 267 234 0.23 439 217 0.57 442 224
0.88 377 44 0.93 264 232 0.42 384 37 0.28 407 187
0.88 377 44 0.93 264 232 0.42 384 37 0.28 407 187
0.88 377 44 0.93 264 232 0.42 384 37 0.28 407 187
0.88 377 44 0.93 264 232 0.42 384 37 0.28 407 187
0.56 390 61 0.88 260 231 0.59 396 58 0.40 267 238
0.56 390 61 0.88 260 231 0.59 396 58 0.40 267 238
0.56 390 61 0.88 260 231 0.59 396 58 0.40 267 238
0.56 390 61 0.88 260 231 0.59 396 58 0.40 267 238
0.05 271 43 0.85 261 232 0.57 408 81 0.34 268 239
0.05 271 43 0.85 261 232 0.57 408 81 0.34 268 239
0.05 271 43 0.85 261 232 0.57 408 81 0.34 268 239
0.05 271 43 0.85 261 232 0.57 408 81 0.34 268 239
0.39 406 110 0.93 261 231 0.70 410 110 0.22 265 234
0.39 406 110 0.93 261 231 0.70 410 110 0.22 265 234
0.39 406 110 0.93 261 231 0.70 410 110 0.22 265 234
0.39 406 110 0.93 261 231 0.70 410 110 0.22 265 234
0.54 318 104 0.65 260 229 0.58 415 142 0.34 260 232
0.54 318 104 0.65 260 229 0.58 415 142 0.34 260 232
0.54 318 104 0.65 260 229 0.58 415 142 0.34 260 232
0.54 318 104 0.65 260 229 0.58 415 142 0.34 260 232
0.30 350 164 0.40 349 164 0.32 351 150 0.32 264 234
0.30 350 164 0.40 349 164 0.32 351 150 0.32 264 234
0.30 350 164 0.40 349 164 0.32 351 150 0.32 264 234
0.30 350 164 0.40 349 164 0.32 351 150 0.32 264 234
0.28 338 177 0.55 348 173 0.21 335 140 0.14 308 157
0.28 338 177 0.55 348 173 0.21 335 140 0.14 308 157
0.28 338 177 0.55 348 173 0.21 335 140 0.14 308 157
0.28 338 177 0.55 348 173 0.21 335 140 0.14 308 157
0.28 373 221 0.61 264 233 0.07 409 267 0.28 264 233
0.28 373 221 0.61 264 233 0.07 409 267 0.28 264 233
0.28 373 221 0.61 264 233 0.07 409 267 0.28 264 233
0.28 373 221 0.61 264 233 0.07 409 267 0.28 264 233
0.30 339 140 0.63 261 232 0.16 398 240 0.38 264 234
0.30 339 140 0.63 261 232 0.16 398 240 0.38 264 234
0.30 339 140 0.63 261 232 0.16 398 240 0.38 264 234
0.30 339 140 0.63 261 232 0.16 398 240 0.38 264 234
0.47 357 231 0.55 262 229 0.21 361 250 0.18 266 237
0.47 357 231 0.55 262 229 0.21 361 250 0.18 266 237
0.47 357 231 0.55 262 229 0.21 361 250 0.18 266 237
0.47 357 231 0.55 262 229 0.21 361 250 0.18 266 237
0.75 360 239 0.32 265 234 0.39 358 243 0.65 266 236
0.75 360 239 0.32 265 234 0.39 358 243 0.65 266 236
0.75 360 239 0.32 265 234 0.39 358 243 0.65 266 236
0.75 360 239 0.32 265 234 0.39 358 243 0.65 266 236
0.88 358 242 0.24 322 0 0.26 255 230 0.46 285 239
0.88 358 242 0.24 322 0 0.26 255 230 0.46 285 239
0.88 358 242 0.24 322 0 0.26 255 230 0.46 285 239
0.88 358 242 0.24 322 0 0.26 255 230 0.46 285 239
0.83 360 240 0.65 330 -1 0.32 127 231 0.73 276 237
0.83 360 240 0.65 330 -1 0.32 127 231 0.73 276 237
0.83 360 240 0.65 330 -1 0.32 127 231 0.73 276 237
0.83 360 240 0.65 330 -1 0.32 127 231 0.73 276 237
0.90 360 236 0.61 328 -3 0.35 103 212 0.43 112 216
0.90 360 236 0.61 328 -3 0.35 103 212 0.43 112 216
0.90 360 236 0.61 328 -3 0.35 103 212 0.43 112 216
0.90 360 236 0.61 328 -3 0.35 103 212 0.43 112 216
0.87 366 233 0.80 319 2 0.63 85 198 0.52 90 198
0.87 366 233 0.80 319 2 0.63 85 198 0.52 90 198
0.87 366 233 0.80 319 2 0.63 85 198 0.52 90 198
0.87 366 233 0.80 319 2 0.63 85 198 0.52 90 198
0.94 370 235 0.76 303 0 0.76 73 194 0.25 88 199
0.94 370 235 0.76 303 0 0.76 73 194 0.25 88 199
0.94 370 235 0.76 303 0 0.76 73 194 0.25 88 199
0.94 370 235 0.76 303 0 0.76 73 194 0.25 88 199
0.88 369 238 0.75 286 4 0.42 81 186 0.76 65 186
0.88 369 238 0.75 286 4 0.42 81 186 0.76 65 186
0.88 369 238 0.75 286 4 0.42 81 186 0.76 65 186
0.88 369 238 0.75 286 4 0.42 81 186 0.76 65 186
0.84 370 235 0.57 268 6 0.55 85 194 0.35 100 179
0.84 370 235 0.57 268 6 0.55 85 194 0.35 100 179
0.84 370 235 0.57 268 6 0.55 85 194 0.35 100 179
0.84 370 235 0.57 268 6 0.55 85 194 0.35 100 179
0.92 368 233 0.51 290 106 0.68 85 199 0.29 246 13
0.92 368 233 0.51 290 106 0.68 85 199 0.29 246 13
0.92 368 233 0.51 290 106 0.68 85 199 0.29 246 13
0.92 368 233 0.51 290 106 0.68 85 199 0.29 246 13
0.86 367 233 0.63 329 81 0.74 96 214 0.53 220 -3
0.86 367 233 0.63 329 81 0.74 96 214 0.53 220 -3
0.86 367 233 0.63 329 81 0.74 96 214 0.53 220 -3
0.86 367 233 0.63 329 81 0.74 96 214 0.53 220 -3
0.88 367 231 0.68 285 73 0.83 114 223 0.54 200 4
0.88 367 231 0.68 285 73 0.83 114 223 0.54 200 4
0.88 367 231 0.68 285 73 0.83 114 223 0.54 200 4
0.88 367 231 0.68 285 73 0.83 114 223 0.54 200 4
0.90 362 238 0.75 244 48 0.68 121 236 0.24 233 41
0.90 362 238 0.75 244 48 0.68 121 236 0.24 233 41
0.90 362 238 0.75 244 48 0.68 121 236 0.24 233 41
0.90 362 238 0.75 244 48 0.68 121 236 0.24 233 41
0.85 365 239 0.81 237 44 0.72 174 239 0.29 230 36
0.85 365 239 0.81 237 44 0.72 174 239 0.29 230 36
0.85 365 239 0.81 237 44 0.72 174 239 0.29 230 36
0.85 365 239 0.81 237 44 0.72 174 239 0.29 230 36
0.88 361 235 0.78 235 53 0.84 198 250 0.49 227 49
0.88 361 235 0.78 235 53 0.84 198 250 0.49 227 49
0.88 361 235 0.78 235 53 0.84 198 250 0.49 227 49
0.88 361 235 0.78 235 53 0.84 198 250 0.49 227 49
0.82 362 241 0.72 227 71 0.74 235 254 0.32 217 68
0.82 362 241 0.72 227 71 0.74 235 254 0.32 217 68
0.82 362 241 0.72 227 71 0.74 235 254 0.32 217 68
0.82 362 241 0.72 227 71 0.74 235 254 0.32 217 68
0.57 361 236 0.82 223 96 0.52 364 245 0.22 215 98
0.57 361 236 0.82 223 96 0.52 364 245 0.22 215 98
0.57 361 236 0.82 223 96 0.52 364 245 0.22 215 98
0.57 361 236 0.82 223 96 0.52 364 245 0.22 215 98
0.83 361 238 0.87 222 126 0.54 312 262 0.74 104 115
0.83 361 238 0.87 222 126 0.54 312 262 0.74 104 115
0.83 361 238 0.87 222 126 0.54 312 262 0.74 104 115
0.83 361 238 0.87 222 126 0.54 312 262 0.74 104 115
0.78 363 237 0.66 221 154 0.58 358 242 0.58 216 159
0.78 363 237 0.66 221 154 0.58 358 242 0.58 216 159
0.78 363 237 0.66 221 154 0.58 358 242 0.58 216 159
0.78 363 237 0.66 221 154 0.58 358 242 0.58 216 159
0.47 363 235 0.62 230 176 0.85 363 235 0.50 221 179
0.47 363 235 0.62 230 176 0.85 363 235 0.50 221 179
0.47 363 235 0.62 230 176 0.85 363 235 0.50 221 179
0.47 363 235 0.62 230 176 0.85 363 235 0.50 221 179
0.66 362 237 0.93 234 197 0.70 362 240 0.10 179 151
0.66 362 237 0.93 234 197 0.70 362 240 0.10 179 151
0.66 362 237 0.93 234 197 0.70 362 240 0.10 179 151
0.66 362 237 0.93 234 197 0.70 362 240 0.10 179 151
0.47 362 232 0.72 243 214 0.81 362 238 0.46 243 223
0.47 362 232 0.72 243 214 0.81 362 238 0.46 243 223
0.47 362 232 0.72 243 214 0.81 362 238 0.46 243 223
0.47 362 232 0.72 243 214 0.81 362 238 0.46 243 223
0.58 361 236 0.96 254 229 0.84 361 239 0.70 151 224
0.58 361 236 0.96 254 229 0.84 361 239 0.70 151 224
0.58 361 236 0.96 254 229 0.84 361 239 0.70 151 224
0.58 361 236 0.96 254 229 0.84 361 239 0.70 151 224
